7058
6531
6808
7058
8342
137
6069
8342
4220
7461
9284
4220
5188
1610
3865
5188
8491
1774
2480
8491
5387
5779
5240
5016
6641
1582
4700
6641
9644
8631
4356
9644
8677
9728
6303
8677
2708
4924
5359
2708
6272
1446
6784
6272
686
3106
7653
686
4255
9254
4478
4255
7951
6526
1582
7951
4094
740
7746
4094
2098
6251
5798
2017
2879
4687
1006
2070
9155
4706
2169
9155
1928
5183
7875
1928
9239
1652
2899
9239
9841
588
8189
9841
8260
8885
1318
7650
7368
8823
813
7368
3211
4502
3663
3211
9748
4272
4756
9748
1082
2718
7778
1082
3687
8127
7778
3687
7417
2778
462
7417
944
4063
7100
944
117
4042
6076
117
4396
6929
4424
3812
6720
5106
4307
6720
8192
1305
3752
8192
1301
6828
6116
1301
1853
4485
5810
1853
2230
2702
4843
2230
5094
6110
4135
5094
3262
1806
5410
3262
1501
9967
8935
1501
2258
8772
9160
2258
454
246
5954
134
7894
9989
3785
6990
4953
1744
7945
4953
238
6624
7691
238
9741
61
8764
9741
2453
542
1699
2453
5231
1510
7388
4244
4177
566
9415
4177
8831
3529
3891
8831
2123
8438
3495
2123